LRAP = 0.7482473178941615
eval_loss = 0.35876093157132466
