LRAP = 0.8821297770655848
eval_loss = 0.23851567214330038
